team_slug,team_name,planning_year,race_id,race_name,category,date_label,status,actual_points,rider_count,source_url,pcs_race_slug,checked_at_utc,notes
unibet-rose-rockets,Unibet Rose Rockets,2026,4,Milano-Sanremo,1.UWT,21.03,completed,35.0,7,https://www.procyclingstats.com/team-in-race/unibet-rose-rockets-2026/milano-sanremo/points-per-rider,milano-sanremo,2026-10-07T16:43:27.828838+00:00,
unibet-rose-rockets,Unibet Rose Rockets,2026,5,Ronde van Vlaanderen,1.UWT,05.04,completed,35.0,7,https://www.procyclingstats.com/team-in-race/unibet-rose-rockets-2026/ronde-van-vlaanderen/points-per-rider,ronde-van-vlaanderen,2026-10-07T16:43:27.828838+00:00,
unibet-rose-rockets,Unibet Rose Rockets,2026,7,In Flanders Fields,1.UWT,29.03,completed,45.0,7,https://www.procyclingstats.com/team-in-race/unibet-rose-rockets-2026/gent-wevelgem/points-per-rider,gent-wevelgem,2026-10-07T16:43:27.828838+00:00,
unibet-rose-rockets,Unibet Rose Rockets,2026,8,Paris-Roubaix,1.UWT,12.04,completed,35.0,7,https://www.procyclingstats.com/team-in-race/unibet-rose-rockets-2026/paris-roubaix/points-per-rider,paris-roubaix,2026-10-07T16:43:27.828838+00:00,
unibet-rose-rockets,Unibet Rose Rockets,2026,9,Amstel Gold Race,1.UWT,19.04,completed,30.0,7,https://www.procyclingstats.com/team-in-race/unibet-rose-rockets-2026/amstel-gold-race/points-per-rider,amstel-gold-race,2026-10-07T16:43:27.828838+00:00,
unibet-rose-rockets,Unibet Rose Rockets,2026,10,La Flèche Wallonne,1.UWT,22.04,completed,44.0,7,https://www.procyclingstats.com/team-in-race/unibet-rose-rockets-2026/la-fleche-wallonne/points-per-rider,la-fleche-wallonne,2026-10-07T16:43:27.828838+00:00,
unibet-rose-rockets,Unibet Rose Rockets,2026,13,Giro d'Italia,2.UWT,08.05-31.05,completed,322.0,8,https://www.procyclingstats.com/team-in-race/unibet-rose-rockets-2026/giro-d-italia/points-per-rider,giro-d-italia,2026-10-07T16:43:27.828838+00:00,
unibet-rose-rockets,Unibet Rose Rockets,2026,20,ADAC Cyclassics,1.UWT,16.08,completed,51.0,7,https://www.procyclingstats.com/team-in-race/unibet-rose-rockets-2026/cyclassics-hamburg/points-per-rider,cyclassics-hamburg,2026-10-07T16:43:27.828838+00:00,
unibet-rose-rockets,Unibet Rose Rockets,2026,21,Renewi Tour,2.UWT,19.08-23.08,completed,59.0,7,https://www.procyclingstats.com/team-in-race/unibet-rose-rockets-2026/renewi-tour/points-per-rider,renewi-tour,2026-10-07T16:43:27.828838+00:00,
unibet-rose-rockets,Unibet Rose Rockets,2026,22,Bretagne Classic,1.UWT,30.08,completed,56.0,7,https://www.procyclingstats.com/team-in-race/unibet-rose-rockets-2026/bretagne-classic/points-per-rider,bretagne-classic,2026-10-07T16:43:27.828838+00:00,
unibet-rose-rockets,Unibet Rose Rockets,2026,24,Il Lombardia,1.UWT,10.10,scheduled,,,https://www.procyclingstats.com/team-in-race/unibet-rose-rockets-2026/il-lombardia/points-per-rider,il-lombardia,2026-10-07T16:43:27.828838+00:00,
unibet-rose-rockets,Unibet Rose Rockets,2026,28,Paris - Tours,1.Pro,11.10,scheduled,,,https://www.procyclingstats.com/team-in-race/unibet-rose-rockets-2026/paris-tours/points-per-rider,paris-tours,2026-10-07T16:43:27.828838+00:00,
unibet-rose-rockets,Unibet Rose Rockets,2026,35,Eschborn-Frankfurt,1.UWT,01.05,completed,20.0,7,https://www.procyclingstats.com/team-in-race/unibet-rose-rockets-2026/eschborn-frankfurt/points-per-rider,eschborn-frankfurt,2026-10-07T16:43:27.828838+00:00,
unibet-rose-rockets,Unibet Rose Rockets,2026,36,Lidl Deutschland Tour,2.Pro,19.08-23.08,completed,29.0,6,https://www.procyclingstats.com/team-in-race/unibet-rose-rockets-2026/deutschland-tour/points-per-rider,deutschland-tour,2026-10-07T16:43:27.828838+00:00,
unibet-rose-rockets,Unibet Rose Rockets,2026,40,Ronde Van Brugge - Tour of Bruges,1.UWT,25.03,completed,245.0,7,https://www.procyclingstats.com/team-in-race/unibet-rose-rockets-2026/classic-brugge-de-panne/points-per-rider,classic-brugge-de-panne,2026-10-07T16:43:27.828838+00:00,
unibet-rose-rockets,Unibet Rose Rockets,2026,47,E3 Saxo Classic,1.UWT,27.03,completed,22.0,7,https://www.procyclingstats.com/team-in-race/unibet-rose-rockets-2026/e3-harelbeke/points-per-rider,e3-harelbeke,2026-10-07T16:43:27.828838+00:00,
unibet-rose-rockets,Unibet Rose Rockets,2026,53,Omloop Nieuwsblad,1.UWT,28.02,completed,64.0,7,https://www.procyclingstats.com/team-in-race/unibet-rose-rockets-2026/omloop-het-nieuwsblad/points-per-rider,omloop-het-nieuwsblad,2026-10-07T16:43:27.828838+00:00,
unibet-rose-rockets,Unibet Rose Rockets,2026,54,Strade Bianche,1.UWT,07.03,completed,43.0,7,https://www.procyclingstats.com/team-in-race/unibet-rose-rockets-2026/strade-bianche/points-per-rider,strade-bianche,2026-10-07T16:43:27.828838+00:00,
unibet-rose-rockets,Unibet Rose Rockets,2026,56,Scheldeprijs,1.Pro,08.04,completed,12.0,7,https://www.procyclingstats.com/team-in-race/unibet-rose-rockets-2026/scheldeprijs/points-per-rider,scheldeprijs,2026-10-07T16:43:27.828838+00:00,
unibet-rose-rockets,Unibet Rose Rockets,2026,60,Baloise Belgium Tour,2.Pro,17.06-21.06,completed,99.0,7,https://www.procyclingstats.com/team-in-race/unibet-rose-rockets-2026/tour-of-belgium/points-per-rider,tour-of-belgium,2026-10-07T16:43:27.828838+00:00,
unibet-rose-rockets,Unibet Rose Rockets,2026,61,Gran Piemonte,1.Pro,08.10,scheduled,,,https://www.procyclingstats.com/team-in-race/unibet-rose-rockets-2026/gran-piemonte/points-per-rider,gran-piemonte,2026-10-07T16:43:27.828838+00:00,
unibet-rose-rockets,Unibet Rose Rockets,2026,63,Tour de l'Ain,2.1,28.07-30.07,completed,4.0,6,https://www.procyclingstats.com/team-in-race/unibet-rose-rockets-2026/tour-de-l-ain/points-per-rider,tour-de-l-ain,2026-10-07T16:43:27.828838+00:00,
unibet-rose-rockets,Unibet Rose Rockets,2026,64,Brussels Cycling Classic,1.Pro,07.06,completed,40.0,7,https://www.procyclingstats.com/team-in-race/unibet-rose-rockets-2026/brussels-cycling-classic/points-per-rider,brussels-cycling-classic,2026-10-07T16:43:27.828838+00:00,
unibet-rose-rockets,Unibet Rose Rockets,2026,68,Memorial Pantani,1.1,12.09,completed,0.0,7,https://www.procyclingstats.com/team-in-race/unibet-rose-rockets-2026/memorial-marco-pantani/points-per-rider,memorial-marco-pantani,2026-10-07T16:43:27.828838+00:00,
unibet-rose-rockets,Unibet Rose Rockets,2026,74,Vuelta a Murcia,2.1,13.02-14.02,completed,0.0,6,https://www.procyclingstats.com/team-in-race/unibet-rose-rockets-2026/vuelta-ciclista-a-la-region-de-murcia/points-per-rider,vuelta-ciclista-a-la-region-de-murcia,2026-10-07T16:43:27.828838+00:00,
unibet-rose-rockets,Unibet Rose Rockets,2026,75,Dwars door Vlaanderen,1.UWT,01.04,completed,53.0,7,https://www.procyclingstats.com/team-in-race/unibet-rose-rockets-2026/dwars-door-vlaanderen/points-per-rider,dwars-door-vlaanderen,2026-10-07T16:43:27.828838+00:00,
unibet-rose-rockets,Unibet Rose Rockets,2026,77,Brabantse Pijl,1.Pro,17.04,completed,14.0,7,https://www.procyclingstats.com/team-in-race/unibet-rose-rockets-2026/brabantse-pijl/points-per-rider,brabantse-pijl,2026-10-07T16:43:27.828838+00:00,
unibet-rose-rockets,Unibet Rose Rockets,2026,83,Trofeo Palma,1.1,01.02,completed,20.0,7,https://www.procyclingstats.com/team-in-race/unibet-rose-rockets-2026/trofeo-palma/points-per-rider,trofeo-palma,2026-10-07T16:43:27.828838+00:00,
unibet-rose-rockets,Unibet Rose Rockets,2026,84,Kuurne-Brussel-Kuurne,1.Pro,01.03,completed,10.0,7,https://www.procyclingstats.com/team-in-race/unibet-rose-rockets-2026/kuurne-brussel-kuurne/points-per-rider,kuurne-brussel-kuurne,2026-10-07T16:43:27.828838+00:00,
unibet-rose-rockets,Unibet Rose Rockets,2026,85,Vuelta a Castilla y León,1.1,26.07,completed,8.0,7,https://www.procyclingstats.com/team-in-race/unibet-rose-rockets-2026/vuelta-a-castilla-y-leon/points-per-rider,vuelta-a-castilla-y-leon,2026-10-07T16:43:27.828838+00:00,
unibet-rose-rockets,Unibet Rose Rockets,2026,89,Milano - Torino,1.Pro,18.03,completed,19.0,7,https://www.procyclingstats.com/team-in-race/unibet-rose-rockets-2026/milano-torino/points-per-rider,milano-torino,2026-10-07T16:43:27.828838+00:00,
unibet-rose-rockets,Unibet Rose Rockets,2026,92,GP de Fourmies,1.Pro,13.09,completed,85.0,5,https://www.procyclingstats.com/team-in-race/unibet-rose-rockets-2026/gp-de-fourmies/points-per-rider,gp-de-fourmies,2026-10-07T16:43:27.828838+00:00,
unibet-rose-rockets,Unibet Rose Rockets,2026,93,Grand Prix de Wallonie,1.Pro,16.09,completed,54.0,7,https://www.procyclingstats.com/team-in-race/unibet-rose-rockets-2026/gp-de-wallonie/points-per-rider,gp-de-wallonie,2026-10-07T16:43:27.828838+00:00,
unibet-rose-rockets,Unibet Rose Rockets,2026,94,Tour de Vendée,1.1,04.10,completed,34.0,6,https://www.procyclingstats.com/team-in-race/unibet-rose-rockets-2026/tour-de-vendee/points-per-rider,tour-de-vendee,2026-10-07T16:43:27.828838+00:00,
unibet-rose-rockets,Unibet Rose Rockets,2026,97,GP la Marseillaise,1.1,01.02,completed,0.0,7,https://www.procyclingstats.com/team-in-race/unibet-rose-rockets-2026/gp-d-ouverture/points-per-rider,gp-d-ouverture,2026-10-07T16:43:27.828838+00:00,
unibet-rose-rockets,Unibet Rose Rockets,2026,100,Trofeo Serra Tramuntana,1.1,30.01,completed,2.0,7,https://www.procyclingstats.com/team-in-race/unibet-rose-rockets-2026/deia-trophy/points-per-rider,deia-trophy,2026-10-07T16:43:27.828838+00:00,
unibet-rose-rockets,Unibet Rose Rockets,2026,106,Étoile de Bessèges,2.1,04.02-08.02,completed,128.0,7,https://www.procyclingstats.com/team-in-race/unibet-rose-rockets-2026/etoile-de-besseges/points-per-rider,etoile-de-besseges,2026-10-07T16:43:27.828838+00:00,
unibet-rose-rockets,Unibet Rose Rockets,2026,111,Tour des Alpes-Maritimes,1.1,22.02,completed,5.0,7,https://www.procyclingstats.com/team-in-race/unibet-rose-rockets-2026/tour-des-alpes-maritimes/points-per-rider,tour-des-alpes-maritimes,2026-10-07T16:43:27.828838+00:00,
unibet-rose-rockets,Unibet Rose Rockets,2026,112,Trofeo Laigueglia,1.Pro,04.03,completed,8.0,7,https://www.procyclingstats.com/team-in-race/unibet-rose-rockets-2026/trofeo-laigueglia/points-per-rider,trofeo-laigueglia,2026-10-07T16:43:27.828838+00:00,
unibet-rose-rockets,Unibet Rose Rockets,2026,116,Ename Samyn Classic,1.1,03.03,completed,28.0,7,https://www.procyclingstats.com/team-in-race/unibet-rose-rockets-2026/gp-samyn/points-per-rider,gp-samyn,2026-10-07T16:43:27.828838+00:00,
unibet-rose-rockets,Unibet Rose Rockets,2026,121,Faun-Ardèche Classic,1.Pro,28.02,completed,0.0,7,https://www.procyclingstats.com/team-in-race/unibet-rose-rockets-2026/faun-ardeche-classic/points-per-rider,faun-ardeche-classic,2026-10-07T16:43:27.828838+00:00,
unibet-rose-rockets,Unibet Rose Rockets,2026,122,Nokere Koerse,1.Pro,18.03,completed,47.0,7,https://www.procyclingstats.com/team-in-race/unibet-rose-rockets-2026/nokere-koerse/points-per-rider,nokere-koerse,2026-10-07T16:43:27.828838+00:00,
unibet-rose-rockets,Unibet Rose Rockets,2026,123,Bredene Koksijde Classic,1.Pro,20.03,completed,125.0,7,https://www.procyclingstats.com/team-in-race/unibet-rose-rockets-2026/bredene-koksijde-classic/points-per-rider,bredene-koksijde-classic,2026-10-07T16:43:27.828838+00:00,
unibet-rose-rockets,Unibet Rose Rockets,2026,125,Cholet Agglo Tour,1.1,03.10,completed,79.0,7,https://www.procyclingstats.com/team-in-race/unibet-rose-rockets-2026/cholet-pays-de-loire/points-per-rider,cholet-pays-de-loire,2026-10-07T16:43:27.828838+00:00,
unibet-rose-rockets,Unibet Rose Rockets,2026,126,NXT Classic,1.1,04.04,completed,4.0,7,https://www.procyclingstats.com/team-in-race/unibet-rose-rockets-2026/volta-nxt-classic/points-per-rider,volta-nxt-classic,2026-10-07T16:43:27.828838+00:00,
unibet-rose-rockets,Unibet Rose Rockets,2026,128,Tour de Langkawi,2.Pro,27.09-04.10,completed,151.0,6,https://www.procyclingstats.com/team-in-race/unibet-rose-rockets-2026/tour-de-langkawi/points-per-rider,tour-de-langkawi,2026-10-07T16:43:27.828838+00:00,
unibet-rose-rockets,Unibet Rose Rockets,2026,129,Clasica de Almeria,1.Pro,15.02,completed,60.0,7,https://www.procyclingstats.com/team-in-race/unibet-rose-rockets-2026/clasica-de-almeria/points-per-rider,clasica-de-almeria,2026-10-07T16:43:27.828838+00:00,
unibet-rose-rockets,Unibet Rose Rockets,2026,134,Route Adélie de Vitré,1.1,03.04,completed,28.0,7,https://www.procyclingstats.com/team-in-race/unibet-rose-rockets-2026/route-adelie-de-vitre/points-per-rider,route-adelie-de-vitre,2026-10-07T16:43:27.828838+00:00,
unibet-rose-rockets,Unibet Rose Rockets,2026,144,Rund um Köln,1.1,17.05,completed,32.0,5,https://www.procyclingstats.com/team-in-race/unibet-rose-rockets-2026/rund-um-koln/points-per-rider,rund-um-koln,2026-10-07T16:43:27.828838+00:00,
unibet-rose-rockets,Unibet Rose Rockets,2026,145,Paris - Camembert,1.1,31.03,completed,26.0,7,https://www.procyclingstats.com/team-in-race/unibet-rose-rockets-2026/paris-camembert/points-per-rider,paris-camembert,2026-10-07T16:43:27.828838+00:00,
unibet-rose-rockets,Unibet Rose Rockets,2026,146,GP de Denain,1.Pro,19.03,completed,9.0,7,https://www.procyclingstats.com/team-in-race/unibet-rose-rockets-2026/gp-de-denain/points-per-rider,gp-de-denain,2026-10-07T16:43:27.828838+00:00,
unibet-rose-rockets,Unibet Rose Rockets,2026,147,Tour du Finistère,1.1,16.05,completed,84.0,5,https://www.procyclingstats.com/team-in-race/unibet-rose-rockets-2026/tour-du-finistere/points-per-rider,tour-du-finistere,2026-10-07T16:43:27.828838+00:00,
unibet-rose-rockets,Unibet Rose Rockets,2026,148,Tro-Bro Leon,1.Pro,10.05,completed,30.0,5,https://www.procyclingstats.com/team-in-race/unibet-rose-rockets-2026/tro-bro-leon/points-per-rider,tro-bro-leon,2026-10-07T16:43:27.828838+00:00,
unibet-rose-rockets,Unibet Rose Rockets,2026,152,Tour of Türkiye,2.Pro,26.04-03.05,completed,26.0,6,https://www.procyclingstats.com/team-in-race/unibet-rose-rockets-2026/tour-of-turkey/points-per-rider,tour-of-turkey,2026-10-07T16:43:27.828838+00:00,
unibet-rose-rockets,Unibet Rose Rockets,2026,158,Münsterland Giro,1.Pro,03.10,completed,18.0,7,https://www.procyclingstats.com/team-in-race/unibet-rose-rockets-2026/munsterland-giro/points-per-rider,munsterland-giro,2026-10-07T16:43:27.828838+00:00,
unibet-rose-rockets,Unibet Rose Rockets,2026,159,Binche-Chimay-Binche,1.1,06.10,completed,0.0,0,https://www.procyclingstats.com/team-in-race/unibet-rose-rockets-2026/memorial-frank-vandenbroucke/points-per-rider,memorial-frank-vandenbroucke,2026-10-07T16:43:27.828838+00:00,points_page_empty_after_race
unibet-rose-rockets,Unibet Rose Rockets,2026,160,Coppa Sabatini,1.Pro,10.09,completed,95.0,7,https://www.procyclingstats.com/team-in-race/unibet-rose-rockets-2026/gp-citta-di-peccioli/points-per-rider,gp-citta-di-peccioli,2026-10-07T16:43:27.828838+00:00,
unibet-rose-rockets,Unibet Rose Rockets,2026,167,Kamp. van Vlaanderen,1.1,18.09,completed,55.0,6,https://www.procyclingstats.com/team-in-race/unibet-rose-rockets-2026/kampioenschap-van-vlaanderen1/points-per-rider,kampioenschap-van-vlaanderen1,2026-10-07T16:43:27.828838+00:00,
unibet-rose-rockets,Unibet Rose Rockets,2026,170,Omloop van het Houtland,1.1,23.09,completed,40.0,7,https://www.procyclingstats.com/team-in-race/unibet-rose-rockets-2026/omloop-van-het-houtland-lichtervelde/points-per-rider,omloop-van-het-houtland-lichtervelde,2026-10-07T16:43:27.828838+00:00,
unibet-rose-rockets,Unibet Rose Rockets,2026,171,GP d'Isbergues,1.1,20.09,completed,28.0,7,https://www.procyclingstats.com/team-in-race/unibet-rose-rockets-2026/gp-d-isbergues/points-per-rider,gp-d-isbergues,2026-10-07T16:43:27.828838+00:00,
unibet-rose-rockets,Unibet Rose Rockets,2026,175,4 Jours de Dunkerque,2.Pro,20.05-24.05,completed,16.0,6,https://www.procyclingstats.com/team-in-race/unibet-rose-rockets-2026/4-jours-de-dunkerque/points-per-rider,4-jours-de-dunkerque,2026-10-07T16:43:27.828838+00:00,
unibet-rose-rockets,Unibet Rose Rockets,2026,180,Grand Prix du Morbihan,1.Pro,09.05,completed,64.0,5,https://www.procyclingstats.com/team-in-race/unibet-rose-rockets-2026/gp-de-plumelec/points-per-rider,gp-de-plumelec,2026-10-07T16:43:27.828838+00:00,
unibet-rose-rockets,Unibet Rose Rockets,2026,182,Boucles de l'Aulne,1.1,17.05,completed,92.0,5,https://www.procyclingstats.com/team-in-race/unibet-rose-rockets-2026/boucles-de-l-aulne/points-per-rider,boucles-de-l-aulne,2026-10-07T16:43:27.828838+00:00,
unibet-rose-rockets,Unibet Rose Rockets,2026,187,Tour du Poitou-Charentes,2.1,25.08-28.08,completed,58.0,7,https://www.procyclingstats.com/team-in-race/unibet-rose-rockets-2026/tour-du-poitou-charentes-et-de-la-vienne/points-per-rider,tour-du-poitou-charentes-et-de-la-vienne,2026-10-07T16:43:27.828838+00:00,
unibet-rose-rockets,Unibet Rose Rockets,2026,191,Tour du Limousin,2.1,18.08-21.08,completed,15.0,6,https://www.procyclingstats.com/team-in-race/unibet-rose-rockets-2026/tour-du-limousin/points-per-rider,tour-du-limousin,2026-10-07T16:43:27.828838+00:00,
unibet-rose-rockets,Unibet Rose Rockets,2026,192,Vuelta a Burgos,2.Pro,04.08-08.08,completed,273.0,7,https://www.procyclingstats.com/team-in-race/unibet-rose-rockets-2026/tour-of-denmark/points-per-rider,tour-of-denmark,2026-10-07T16:43:27.828838+00:00,
unibet-rose-rockets,Unibet Rose Rockets,2026,202,Circuito de Getxo,1.1,02.08,completed,6.0,7,https://www.procyclingstats.com/team-in-race/unibet-rose-rockets-2026/circuito-de-getxo/points-per-rider,circuito-de-getxo,2026-10-07T16:43:27.828838+00:00,
unibet-rose-rockets,Unibet Rose Rockets,2026,203,Polynormande,1.1,16.08,completed,52.0,6,https://www.procyclingstats.com/team-in-race/unibet-rose-rockets-2026/la-poly-normande/points-per-rider,la-poly-normande,2026-10-07T16:43:27.828838+00:00,
unibet-rose-rockets,Unibet Rose Rockets,2026,205,Trofeo Matteotti,1.1,13.09,completed,14.0,7,https://www.procyclingstats.com/team-in-race/unibet-rose-rockets-2026/trofeo-matteotti/points-per-rider,trofeo-matteotti,2026-10-07T16:43:27.828838+00:00,
unibet-rose-rockets,Unibet Rose Rockets,2026,207,Villafranca de Ordizia,1.1,25.07,completed,0.0,7,https://www.procyclingstats.com/team-in-race/unibet-rose-rockets-2026/prueba-villafranca/points-per-rider,prueba-villafranca,2026-10-07T16:43:27.828838+00:00,
unibet-rose-rockets,Unibet Rose Rockets,2026,212,Route d'Occitanie,2.1,18.06-20.06,completed,38.0,7,https://www.procyclingstats.com/team-in-race/unibet-rose-rockets-2026/la-route-d-occitanie/points-per-rider,la-route-d-occitanie,2026-10-07T16:43:27.828838+00:00,
unibet-rose-rockets,Unibet Rose Rockets,2026,213,ZLM Tour,2.1,02.09-06.09,completed,71.0,7,https://www.procyclingstats.com/team-in-race/unibet-rose-rockets-2026/zlm-tour/points-per-rider,zlm-tour,2026-10-07T16:43:27.828838+00:00,
unibet-rose-rockets,Unibet Rose Rockets,2026,217,Région Pays de la Loire Tour,2.Pro,07.04-10.04,completed,155.0,6,https://www.procyclingstats.com/team-in-race/unibet-rose-rockets-2026/region-pays-de-la-loire/points-per-rider,region-pays-de-la-loire,2026-10-07T16:43:27.828838+00:00,
unibet-rose-rockets,Unibet Rose Rockets,2026,231,Circuit Franco-Belge,1.Pro,10.06,completed,40.0,7,https://www.procyclingstats.com/team-in-race/unibet-rose-rockets-2026/circuit-franco-belge/points-per-rider,circuit-franco-belge,2026-10-07T16:43:27.828838+00:00,
unibet-rose-rockets,Unibet Rose Rockets,2026,258,Sibiu Cycling Tour,2.1,04.07-07.07,completed,87.0,6,https://www.procyclingstats.com/team-in-race/unibet-rose-rockets-2026/sibiu-cycling-tour/points-per-rider,sibiu-cycling-tour,2026-10-07T16:43:27.828838+00:00,
unibet-rose-rockets,Unibet Rose Rockets,2026,259,Arctic Race of Norway,2.Pro,13.08-16.08,completed,148.0,6,https://www.procyclingstats.com/team-in-race/unibet-rose-rockets-2026/arctic-race-of-norway/points-per-rider,arctic-race-of-norway,2026-10-07T16:43:27.828838+00:00,
unibet-rose-rockets,Unibet Rose Rockets,2026,260,La Roue Tourangelle,1.1,29.03,completed,75.0,7,https://www.procyclingstats.com/team-in-race/unibet-rose-rockets-2026/la-roue-tourangelle/points-per-rider,la-roue-tourangelle,2026-10-07T16:43:27.828838+00:00,
unibet-rose-rockets,Unibet Rose Rockets,2026,263,GP Industria & Artigianato,1.Pro,06.09,completed,0.0,7,https://www.procyclingstats.com/team-in-race/unibet-rose-rockets-2026/gp-industria-artigianato/points-per-rider,gp-industria-artigianato,2026-10-07T16:43:27.828838+00:00,
unibet-rose-rockets,Unibet Rose Rockets,2026,271,Trofeo Calvià,1.1,28.01,completed,8.0,7,https://www.procyclingstats.com/team-in-race/unibet-rose-rockets-2026/trofeo-calvia/points-per-rider,trofeo-calvia,2026-10-07T16:43:27.828838+00:00,
unibet-rose-rockets,Unibet Rose Rockets,2026,274,Trofeo Andratx - Pollença,1.1,31.01,completed,14.0,7,https://www.procyclingstats.com/team-in-race/unibet-rose-rockets-2026/trofeo-pollenca-port-d-andratx/points-per-rider,trofeo-pollenca-port-d-andratx,2026-10-07T16:43:27.828838+00:00,
unibet-rose-rockets,Unibet Rose Rockets,2026,343,Boucles de la Mayenne,2.Pro,28.05-31.05,completed,12.0,5,https://www.procyclingstats.com/team-in-race/unibet-rose-rockets-2026/boucles-de-la-mayenne/points-per-rider,boucles-de-la-mayenne,2026-10-07T16:43:27.828838+00:00,
unibet-rose-rockets,Unibet Rose Rockets,2026,349,Heistse Pijl,1.1,06.06,completed,29.0,7,https://www.procyclingstats.com/team-in-race/unibet-rose-rockets-2026/heist-op-den-berg/points-per-rider,heist-op-den-berg,2026-10-07T16:43:27.828838+00:00,
unibet-rose-rockets,Unibet Rose Rockets,2026,411,Clàssica Comunitat Valenciana 1969,1.1,25.01,completed,121.0,7,https://www.procyclingstats.com/team-in-race/unibet-rose-rockets-2026/gp-de-valence/points-per-rider,gp-de-valence,2026-10-07T16:43:27.828838+00:00,
unibet-rose-rockets,Unibet Rose Rockets,2026,432,Faun Drome Classic,1.Pro,01.03,completed,22.0,7,https://www.procyclingstats.com/team-in-race/unibet-rose-rockets-2026/la-drome-classic/points-per-rider,la-drome-classic,2026-10-07T16:43:27.828838+00:00,
unibet-rose-rockets,Unibet Rose Rockets,2026,437,Ronde van Limburg,1.1,15.04,completed,12.0,5,https://www.procyclingstats.com/team-in-race/unibet-rose-rockets-2026/ronde-van-limburg/points-per-rider,ronde-van-limburg,2026-10-07T16:43:27.828838+00:00,
unibet-rose-rockets,Unibet Rose Rockets,2026,444,Gooikse Pijl,1.1,20.09,completed,12.0,6,https://www.procyclingstats.com/team-in-race/unibet-rose-rockets-2026/gooikse-pijl/points-per-rider,gooikse-pijl,2026-10-07T16:43:27.828838+00:00,
unibet-rose-rockets,Unibet Rose Rockets,2026,513,Tour of Hellas,2.1,06.05-10.05,completed,61.0,6,https://www.procyclingstats.com/team-in-race/unibet-rose-rockets-2026/tour-of-hellas/points-per-rider,tour-of-hellas,2026-10-07T16:43:27.828838+00:00,
unibet-rose-rockets,Unibet Rose Rockets,2026,537,Circuit de Wallonie,1.1,14.05,completed,56.0,5,https://www.procyclingstats.com/team-in-race/unibet-rose-rockets-2026/circuit-de-wallonie/points-per-rider,circuit-de-wallonie,2026-10-07T16:43:27.828838+00:00,
unibet-rose-rockets,Unibet Rose Rockets,2026,752,Giro d'Abruzzo,2.1,15.09-18.09,completed,12.0,7,https://www.procyclingstats.com/team-in-race/unibet-rose-rockets-2026/giro-d-abruzzo/points-per-rider,giro-d-abruzzo,2026-10-07T16:43:27.828838+00:00,
unibet-rose-rockets,Unibet Rose Rockets,2026,949,Paris-Chauny,1.1,27.09,completed,40.0,7,https://www.procyclingstats.com/team-in-race/unibet-rose-rockets-2026/paris-chauny-classique/points-per-rider,paris-chauny-classique,2026-10-07T16:43:27.828838+00:00,
unibet-rose-rockets,Unibet Rose Rockets,2026,996,Muur Classic Geraardsbergen,1.1,14.06,completed,51.0,7,https://www.procyclingstats.com/team-in-race/unibet-rose-rockets-2026/muur-classic-geraardsbergen/points-per-rider,muur-classic-geraardsbergen,2026-10-07T16:43:27.828838+00:00,
unibet-rose-rockets,Unibet Rose Rockets,2026,1285,Tour du Jura,1.1,18.04,completed,12.0,6,https://www.procyclingstats.com/team-in-race/unibet-rose-rockets-2026/tour-du-jura-cycliste/points-per-rider,tour-du-jura-cycliste,2026-10-07T16:43:27.828838+00:00,
unibet-rose-rockets,Unibet Rose Rockets,2026,2729,GP Jean-Pierre Monseré,1.1,22.03,completed,89.0,7,https://www.procyclingstats.com/team-in-race/unibet-rose-rockets-2026/grote-prijs-jean-pierre-monsere/points-per-rider,grote-prijs-jean-pierre-monsere,2026-10-07T16:43:27.828838+00:00,
unibet-rose-rockets,Unibet Rose Rockets,2026,4025,Giro della Toscana,1.1,09.09,completed,0.0,7,https://www.procyclingstats.com/team-in-race/unibet-rose-rockets-2026/giro-di-toscana/points-per-rider,giro-di-toscana,2026-10-07T16:43:27.828838+00:00,
unibet-rose-rockets,Unibet Rose Rockets,2026,4396,Tour de La Provence,2.1,13.02-15.02,completed,16.0,7,https://www.procyclingstats.com/team-in-race/unibet-rose-rockets-2026/tour-cycliste-international-la-provence/points-per-rider,tour-cycliste-international-la-provence,2026-10-07T16:43:27.828838+00:00,
unibet-rose-rockets,Unibet Rose Rockets,2026,7660,Famenne Ardenne Classic,1.1,03.05,completed,24.0,7,https://www.procyclingstats.com/team-in-race/unibet-rose-rockets-2026/famenne-ardenne-classic/points-per-rider,famenne-ardenne-classic,2026-10-07T16:43:27.828838+00:00,
unibet-rose-rockets,Unibet Rose Rockets,2026,13188,Mercan'Tour Classic Alpes-Maritimes,1.1,03.06,completed,1.0,5,https://www.procyclingstats.com/team-in-race/unibet-rose-rockets-2026/mercan-tour-classic-alpes-maritimes/points-per-rider,mercan-tour-classic-alpes-maritimes,2026-10-07T16:43:27.828838+00:00,
unibet-rose-rockets,Unibet Rose Rockets,2026,15075,Classic Grand Besançon Doubs,1.1,17.04,completed,21.0,6,https://www.procyclingstats.com/team-in-race/unibet-rose-rockets-2026/classic-grand-besancon-doubs/points-per-rider,classic-grand-besancon-doubs,2026-10-07T16:43:27.828838+00:00,
unibet-rose-rockets,Unibet Rose Rockets,2026,16519,Clásica Jaén,1.1,16.02,completed,16.0,7,https://www.procyclingstats.com/team-in-race/unibet-rose-rockets-2026/clasica-jaen-paraiso-interior/points-per-rider,clasica-jaen-paraiso-interior,2026-10-07T16:43:27.828838+00:00,
unibet-rose-rockets,Unibet Rose Rockets,2026,18948,Andorra MoraBanc Clàssica,1.1,21.06,completed,0.0,7,https://www.procyclingstats.com/team-in-race/unibet-rose-rockets-2026/andorra-morabanc-classica/points-per-rider,andorra-morabanc-classica,2026-10-07T16:43:27.828838+00:00,
unibet-rose-rockets,Unibet Rose Rockets,2026,21999,Classic Var,1.1,21.02,completed,0.0,7,https://www.procyclingstats.com/team-in-race/unibet-rose-rockets-2026/classic-var/points-per-rider,classic-var,2026-10-07T16:43:27.828838+00:00,
unibet-rose-rockets,Unibet Rose Rockets,2026,22183,Gran Premio Castellón,1.1,24.01,completed,40.0,7,https://www.procyclingstats.com/team-in-race/unibet-rose-rockets-2026/ruta-de-la-ceramica-gran-premio-castellon/points-per-rider,ruta-de-la-ceramica-gran-premio-castellon,2026-10-07T16:43:27.828838+00:00,
unibet-rose-rockets,Unibet Rose Rockets,2026,24060,Copenhagen Sprint,1.UWT,14.06,completed,25.0,7,https://www.procyclingstats.com/team-in-race/unibet-rose-rockets-2026/copenhagen-sprint/points-per-rider,copenhagen-sprint,2026-10-07T16:43:27.828838+00:00,
unibet-rose-rockets,Unibet Rose Rockets,2026,24917,Classique Dunkerque,1.Pro,19.05,completed,54.0,6,https://www.procyclingstats.com/team-in-race/unibet-rose-rockets-2026/classique-dunkerque/points-per-rider,classique-dunkerque,2026-10-07T16:43:27.828838+00:00,
unibet-rose-rockets,Unibet Rose Rockets,2026,24922,Classica Camp de Morvedre,1.1,23.01,completed,6.0,7,https://www.procyclingstats.com/team-in-race/unibet-rose-rockets-2026/classica-camp-de-morvedre/points-per-rider,classica-camp-de-morvedre,2026-10-07T16:43:27.828838+00:00,
unibet-rose-rockets,Unibet Rose Rockets,2026,27602,Visit South Aegean GP,1.1,28.02,completed,77.0,7,https://www.procyclingstats.com/team-in-race/unibet-rose-rockets-2026/visit-south-aegean-gp/points-per-rider,visit-south-aegean-gp,2026-10-07T16:43:27.828838+00:00,
unibet-rose-rockets,Unibet Rose Rockets,2026,27604,Region on Dodecanese GP,1.1,01.03,completed,79.0,7,https://www.procyclingstats.com/team-in-race/unibet-rose-rockets-2026/region-on-dodecanese-gp/points-per-rider,region-on-dodecanese-gp,2026-10-07T16:43:27.828838+00:00,
unibet-rose-rockets,Unibet Rose Rockets,2026,27987,Trofeo Ses Salines TTT,1.1,29.01,completed,42.0,6,https://www.procyclingstats.com/team-in-race/unibet-rose-rockets-2026/trofeo-ses-salines-felanitx/points-per-rider,trofeo-ses-salines-felanitx,2026-10-07T16:43:27.828838+00:00,
